Ariel Enrique,1,0
Sebastian Derain,1,0
hola,1,0
mundo,1,0
Juan,4,600
Ariel,1,0
Player 1,2,100
afdas a,1,0
